modeling headway SP21/modern_topo.txt
ncols         207
nrows         134
xllcorner     -107.64458333335
yllcorner     36.747916666672
cellsize      0.04999999998
NODATA_value  -9999
[rows 0 to 28 of 134, columns 0 to 63 of 207]
1882.905 1960.11 2017.147 2190.155 2300.435 2505.86 2470.295 2642.74 2529.34 2394.637 2297.978 2122.35 1942.21 1848.93 1868.912 1843.32 1725.147 1687.375 1620.792 1544.02 1551.085 1633.042 1689.682 1561.55 1528.777 1545.902 1504.31 1487.787 1538.255 1594.515 1727.555 1809.483 1700.813 1650.502 1622.585 1603.127 1579.098 1580.735 1561.325 1547.89 1513.325 1490.588 1470.688 1443.46 1474.998 1481 1467.333 1470.338 1445.375 1386.13 1356.69 1338.485 1330.892 1332.4 1347.373 1372.635 1380.887 1340.672 1296.13 1268.575 1247.05 1224.618 1197.363 1195.047
1727.818 1781.11 1850.63 2027.18 2202.26 2291.407 2412.195 2591.385 2452.833 2220.708 2022.147 1949.353 1908.483 1925.26 1882.64 1823.78 1763.927 1720.123 1632.723 1564.78 1551.77 1575.63 1609.368 1602.03 1598.152 1568.03 1529.31 1510.475 1522.397 1578.47 1666.502 1777.485 1739.223 1676.81 1648.473 1644.762 1628.865 1591.1 1571.172 1534.225 1513.068 1508.305 1474.993 1466.18 1486.725 1481.7 1440.325 1416.262 1385.593 1375.542 1393.953 1395.652 1402.478 1404.335 1403.167 1391.838 1384.95 1345.57 1334.728 1315.365 1284.813 1273.007 1231.12 1192.02
1701.713 1746.392 1862.535 1958.223 1969.16 2142.708 2316.968 2352.518 2236.65 2061.317 1990.193 1946.89 1883.06 1855.95 1848.307 1843.012 1808.165 1703.988 1600.988 1568.762 1608.505 1647.682 1634.718 1616.76 1586.19 1548.395 1554.578 1562.35 1541.338 1566.797 1630.818 1726.115 1768.83 1703.65 1689.063 1672.975 1635.96 1625.733 1596.765 1567.552 1554.748 1526.063 1527.848 1518.25 1475.905 1427.765 1413.507 1400.83 1403.688 1421.142 1433.853 1459.542 1449.525 1421.35 1372.32 1356.64 1360.1 1343.218 1315.765 1291.272 1295.973 1295.213 1261.065 1224.792
1663.873 1717.167 1777.86 1847.917 1925.29 1972.677 1986.72 2017.713 2035.297 2086.715 1991.743 1854.458 1810.047 1778.323 1759.057 1745.54 1696.185 1614.115 1599.917 1607.505 1624.167 1651.422 1620.127 1643.01 1607.545 1634.873 1636.078 1610.395 1627.37 1613.48 1634.277 1723.6 1837.29 1762.15 1708.69 1697.085 1699.282 1644.688 1614.402 1579.9 1565.25 1565.705 1528.743 1474.825 1444.975 1429.748 1440.573 1434.012 1446.28 1443.795 1446.44 1461.573 1448.64 1435.772 1379.272 1353.993 1332.15 1305.265 1296.402 1283.483 1253.627 1230.135 1225.652 1221.605
1667.627 1690.777 1718.478 1751.568 1782.838 1819.515 1861.182 1895.715 1907.603 1959.882 1933.35 1863.22 1775.125 1719.797 1682.738 1642.015 1634.68 1626.603 1662.108 1655.338 1649.718 1659.818 1665.292 1650.785 1666.348 1681.073 1622.498 1652.35 1690.438 1691.87 1678.637 1702.045 1783.762 1809.537 1744.647 1739.12 1699.348 1646.425 1613.92 1581.797 1554.83 1519.52 1499.51 1494.845 1496.172 1472.485 1452.517 1436.473 1424.23 1421.448 1411.363 1401.98 1391.785 1379.152 1394.335 1365.127 1359.905 1337.33 1299.002 1270.97 1245.593 1266.823 1250.682 1220.297
1737.05 1737.708 1750.432 1769.785 1790.995 1806.748 1822.823 1840.21 1843.095 1797.135 1800.313 1797.04 1775.493 1696.218 1658.695 1659.86 1679.255 1680.005 1738.26 1698.502 1699.28 1704.762 1717.348 1720.95 1704.353 1664.1 1674.757 1690.52 1726.15 1755.7 1762.103 1772.473 1803.06 1823.623 1764.377 1696.363 1651.382 1634.193 1626.18 1632.213 1589.573 1552.213 1551.833 1562.745 1526.132 1497.445 1490.05 1457.785 1446.443 1457.073 1460.313 1451.015 1409.135 1362.022 1335.06 1331.355 1316.175 1307.85 1297.66 1316.333 1286.988 1292.718 1309.51 1261.618
1722.62 1743.177 1767.843 1790.815 1814.44 1832.8 1871.927 1881.225 1893.535 1838.375 1794.495 1754.395 1732.618 1704.895 1684.243 1721.17 1748.858 1742.83 1730.67 1687.873 1681.745 1678.752 1693.875 1737.66 1728.922 1713.22 1725.67 1735.87 1746.57 1738.027 1781.965 1786.995 1819.77 1820.363 1763.373 1705.738 1707.225 1697.213 1691.175 1667.54 1632.297 1617.365 1619.34 1605.815 1566.415 1534.88 1490.035 1458.213 1444.185 1440.377 1419.078 1391.527 1371.77 1365.375 1355.47 1350.642 1350.348 1340.985 1351.777 1352.805 1299.695 1335.627 1329.328 1281.353
1759.52 1795.055 1815.863 1845.425 1871.625 1880.667 1869.983 1891.02 1854.563 1858.938 1846.725 1815.287 1736.902 1719.29 1743.35 1741.855 1731.868 1728.435 1738.093 1702.052 1665.002 1651.8 1659.578 1694.348 1729.65 1695.802 1709.512 1725.392 1699.858 1703.015 1753.77 1763.945 1768.1 1805.03 1785.238 1750.235 1779.82 1744.892 1721.002 1699.113 1675.568 1651.213 1612.065 1573.833 1529.365 1509.18 1490.785 1481.767 1478.017 1452.073 1427.775 1400.948 1407.58 1391.76 1381.375 1410.902 1380.38 1421.39 1391.735 1346.417 1331.818 1360.515 1346.335 1335.34
1785.593 1848.685 1840.16 1878.297 1909.335 1923.165 1914.527 1882.57 1828.245 1796.598 1799.932 1787.397 1765.103 1762.323 1744.802 1746.662 1725.402 1706.52 1689.365 1678.075 1674.233 1660.865 1636.998 1656.142 1683.005 1660.257 1651.93 1672.632 1670.313 1695.662 1752.797 1719.927 1717.13 1748.95 1733.123 1705.215 1734.03 1712.797 1663.27 1638.67 1645.345 1656.188 1632.43 1598.235 1572.363 1551.458 1517.078 1489.93 1482.655 1474.432 1457.363 1418.552 1419.223 1427.95 1446.645 1410.757 1441.608 1444.13 1374.56 1373.335 1388.645 1432.057 1387.177 1362.213
1824.438 1881.762 1920.427 1997.422 1997.027 1948.98 1896.9 1869.625 1860.573 1830.595 1803.047 1820.708 1807.415 1788.28 1835.13 1943.555 1806.027 1732.36 1703.845 1683.453 1667.953 1653.5 1641.193 1623.382 1643.625 1636.262 1614.573 1621.985 1651.32 1665.3 1685.31 1671.37 1660.733 1662.945 1704.902 1668.473 1674.188 1707.05 1657.262 1620.35 1588.723 1590.56 1607.135 1650.025 1627.38 1580.795 1556.047 1539.305 1537.53 1508.01 1465.613 1449.103 1483.925 1471.902 1450.375 1478.718 1499.325 1439.368 1445.498 1404.613 1429.485 1464.703 1413.802 1401.493
1855.07 1900.083 1992.12 2014.83 1965.287 1950.363 1928.54 1868.823 1864.54 1854.343 1845.262 1822.368 1828.137 1842.175 1825.647 1845.743 1808.475 1730.39 1708.725 1728.385 1692.45 1670.167 1631.405 1620.323 1607.302 1623.132 1615.193 1626.338 1624.435 1647.105 1653.445 1633.677 1606.493 1610.868 1642.307 1667.137 1616.037 1629.627 1598.598 1612.422 1584.438 1546.608 1582.7 1593.46 1614.38 1624.035 1629.87 1575.21 1532.55 1505.895 1480.498 1509.012 1516.4 1488.797 1496.605 1549.665 1531.98 1483.32 1472.422 1443.89 1479.1 1491.365 1465.32 1423.545
1869.807 1916.573 2026.818 2114.343 2150.452 2016.068 1922.723 1908.843 1946.035 1892.99 1877.405 1872.45 1849.647 1821.748 1805.18 1815.838 1789.743 1748.25 1718.46 1699.993 1705 1695.983 1632.473 1612.488 1601.81 1604.343 1583.045 1569.485 1577.118 1576.458 1573.932 1566.412 1559.235 1567.79 1563.828 1564.767 1561.863 1555.735 1543.115 1533.397 1525.415 1517.052 1519.613 1516.595 1530.765 1579.627 1614.81 1604.26 1571.105 1553.277 1539.19 1551.002 1546.715 1542.34 1563.5 1585.62 1586.608 1539.87 1514.792 1534.938 1552.235 1561.522 1542.85 1501.627
1938.772 2003.045 2059.25 2173.605 2242.988 2292.75 2136.327 1998.257 1965.573 1947.132 1951.765 1898.772 1863.44 1825.3 1808.363 1791.565 1769.652 1741.757 1725.843 1691.415 1663.652 1645.935 1710.407 1627.703 1594.95 1597.833 1632.715 1638.895 1621.338 1612.593 1603.307 1600.213 1589.62 1615.068 1591.307 1583.157 1556.498 1552.573 1547.645 1539.968 1547.167 1531.998 1525.11 1508.735 1485.005 1529.955 1543.755 1585.137 1579.915 1552.68 1574.863 1601.26 1617.877 1610.38 1598.43 1606.795 1580.853 1556.88 1585.01 1623.853 1639.613 1659.485 1628.95 1582.152
2067.208 2121.633 2190.22 2226.66 2306.635 2227.52 2325.117 2285.64 2142.232 2047.012 2010.813 1946.838 1928.315 1905.912 1868.373 1852.66 1821.782 1813.088 1774.165 1721.157 1674.657 1640.44 1610.07 1726.542 1844.968 1924.272 1988.443 1964.495 1899.34 1732.113 1630.095 1642.213 1679.078 1642.973 1728.555 1775.807 1710.848 1694.897 1664.782 1638.155 1591.843 1585.453 1569.983 1521.345 1487.358 1491.98 1521.532 1566.81 1586.932 1544.142 1522.618 1549.395 1578.02 1564.287 1539.547 1569.65 1607.797 1600.828 1618.625 1630.767 1611.453 1610.733 1598.685 1556.08
2151.27 2154.195 2161.71 2159.228 2219.75 2188.683 2206.952 2216.01 2264.935 2219.647 2173.133 2067.683 2146.528 2069.308 2039.682 1996.302 1912.078 1828.248 1760.105 1702.262 1648.272 1672.047 1722.26 1930.28 2014.402 2280.8 2365.385 2260.4 2092.107 1811.465 1703.835 1777.998 1841.108 1910.48 1989.573 2019.07 1946.115 1929.44 1920.985 1826.39 1703.877 1705.315 1664.605 1569.843 1500.685 1484.13 1537.435 1548.505 1524.44 1544.385 1495.025 1502.248 1513.77 1500.943 1536.59 1558.047 1580.118 1585.762 1605.935 1663.045 1655.585 1640.843 1591.603 1536.855
2066.205 2081.345 2106.02 2091.732 2117.038 2141.55 2082.135 2020.307 2038.355 2084.33 2069.175 1977.012 1957.353 1944.037 1968.265 1987.182 1968.672 1876.46 1792.243 1748.093 1622.667 1640.585 1682.19 1728.765 1803.583 2058.708 2312.155 2416.485 2268.02 1984.963 2056.33 2118.39 2103.05 2118.905 2102.235 2075.663 1999.002 2012.818 1890.302 1748.012 1744.01 1734.203 1691.57 1668.998 1512.88 1496.01 1470.613 1477.417 1469.453 1464.012 1459.057 1474.757 1473.568 1499.397 1514.483 1524.703 1539.34 1569.55 1618.287 1707.188 1730.075 1726.348 1618.152 1558.338
2006.43 2016.84 2061.893 2022.65 2039.537 2104.528 2027.012 1974.455 1988.718 1998.787 1986.3 1927.035 1885.865 1863.257 1881.537 1903.458 1949.08 1934.468 1807.142 1673.77 1627.795 1654.443 1702.483 1733.422 1765.34 1956.31 2191.28 2267.21 2235.962 2210.025 2166.738 2148.968 2139.965 2284.052 2214.285 2089.817 2129.91 2102.397 1948.99 1846.225 1811.765 1691.448 1638.78 1657.848 1555.797 1504.545 1500.965 1485.825 1481.89 1471.62 1436.713 1461.172 1498.998 1457.613 1452.787 1517.037 1555.993 1590.705 1614.48 1674.78 1726.925 1722.74 1651.493 1563.815
1953.61 1970.46 2029.657 2077.685 2037.563 2046.47 1955.348 1933.565 1907.948 1874.705 1852.132 1823.417 1809.545 1820.1 1866.87 1912.9 1900.938 1786.115 1684.925 1649.108 1669.627 1697.392 1742.655 1785.715 1809.953 1910.255 2090.745 2234.008 2309.248 2401.107 2431.788 2457.893 2367.558 2469.21 2256.873 2265.36 2259.58 2107.292 1984.86 2082.51 1897.848 1709.807 1649.042 1649.825 1563.315 1556.297 1620.307 1613.71 1570.925 1537.547 1482.04 1462.2 1437.965 1425.608 1434.46 1486.223 1541.205 1572.137 1610.865 1660.677 1730.215 1687.037 1587.127 1553.975
1964.797 2012.777 2085.038 2030.78 1988.68 1968.27 1989.373 1993.748 1883.81 1826.79 1809.605 1794.363 1794.12 1791.38 1819.01 1882.35 1907.593 1730.557 1741.17 1808.815 1768.843 1767.33 1816.338 1852.167 1933.635 2045.86 2059.583 2161.022 2239.327 2308.363 2340.205 2323.683 2486.365 2463.865 2527.385 2538.143 2386.998 2222.433 2207.24 2223.558 2068.645 1914.415 1759.93 1652.285 1606.113 1688.425 1744.343 1673.182 1613.86 1579.96 1548.705 1504.802 1430.475 1416.205 1447.155 1485.943 1571.787 1588.98 1601.85 1634.637 1717.025 1579.405 1533.718 1490.517
1909.272 1909.245 1937.715 1886.348 1870.838 1847.282 1901.568 1983.755 1863.022 1825.17 1898.875 1899.343 1842.83 1849.24 1815.07 1854.927 1869.443 1851.135 1921.958 2009.333 1976.925 1939.537 1968.935 1922 1999.2 2183.688 2231.113 2248.778 2245.285 2267.333 2303.972 2330.452 2380.16 2496.95 2630.08 2646.735 2491.458 2442.087 2316.962 2311.93 2226.695 2049.02 1912.09 1712.865 1730.088 1826.61 1816.725 1711.935 1662.285 1600.375 1523.465 1463.792 1429.69 1420.675 1494.752 1543.49 1553.62 1556.165 1574.392 1629.978 1584.5 1508.315 1474.605 1448.84
1984.757 1977.922 1959.695 1937.373 1885.21 1855.608 1857.37 1852.363 1858.912 1916.868 1932.5 1884.762 1872.92 1827.892 1783.265 1809.715 1913.213 1976.938 2044.8 2084.542 2121.222 2141.495 2106.258 2013.1 1958.98 2026.823 2194.917 2240.1 2247.688 2247.522 2238.502 2254.64 2286.387 2420.26 2501.042 2588.728 2653.438 2565.927 2368.655 2345.032 2245.847 2143.343 2010.277 1895.88 1923.568 1923.188 1816.225 1643.63 1581.483 1566.257 1563.215 1522.537 1467.145 1398.715 1444.14 1552.775 1556.738 1523.79 1575.917 1622.955 1515.257 1470.598 1454.448 1443.495
2189.097 2098.425 2028.647 1961.417 1905.775 1918.407 1939.31 1935.945 1942.682 1965.405 1948.088 1919.382 1856.98 1801.45 1821.698 1978.19 2024.777 2067.255 2061.595 2123.455 2190.545 2247.665 2267.7 2200.373 2048.488 2110.605 2163.978 2178.475 2177.927 2166.31 2167.24 2183.603 2211.042 2260.825 2388.452 2473.722 2476.998 2517.55 2364.423 2339.593 2373.23 2364.083 2148.817 2071.808 1957.632 1976.24 1845.695 1766.432 1715.088 1680.28 1628.147 1557.493 1487.252 1446.5 1447.215 1473.473 1435.865 1467.085 1572.63 1571.275 1507.682 1434.23 1452.825 1438.105
2436.76 2363.917 2079.407 1971.95 2064.732 2188.805 2161.31 2137.508 2093.177 2046.897 2002.25 1905.502 1859.152 1834.902 1832.36 2152.62 2230.51 2095.482 2093.78 2128.23 2151.278 2174.135 2201.853 2232.512 2212.565 2199.772 2177.627 2154.415 2146.417 2144.305 2175.698 2222.905 2244.657 2249.92 2269.855 2321.188 2367.465 2491.438 2405.345 2431.413 2396.998 2313.772 2196.623 2139.56 2093.75 2090.945 1874.66 1778.9 1684.175 1630.53 1587.093 1530.412 1504.34 1464.968 1415.688 1387.493 1367.532 1417.983 1469.685 1455.368 1451.017 1420.45 1466.67 1447.4
2292.465 2230.525 2133.488 2036.275 2068.625 2382.127 2499.485 2604.813 2481.805 2255.353 2030.057 1947.645 1890.063 1872.885 1811.64 1868.522 1942.672 1981.52 2058.772 2150.482 2222.285 2268.935 2227.978 2215.488 2245.31 2220.347 2218.89 2175.317 2159.448 2137.01 2123.725 2146.56 2192.845 2186.74 2209.853 2210.718 2317.508 2401.56 2343.62 2460.298 2507.045 2394.885 2369.708 2470.103 2383.34 2003.07 2030.665 1769.892 1650.205 1594.728 1552.985 1502.012 1487.807 1459.06 1434.27 1436.69 1420.485 1365.24 1356.488 1351.993 1357.848 1375.698 1385.132 1381.385
2205.72 2109.525 2057.14 2028.882 2068.228 2133.778 2193.365 2278.06 2310.125 2214.587 2068.605 2118.583 2140.645 2014.443 1877.647 1828.645 1934.343 2030.882 2166.955 2270.373 2391.262 2460.48 2196.563 2163.585 2163.48 2137.127 2132.637 2118.335 2119.055 2121.897 2110.927 2120.825 2132.083 2178.292 2157.44 2164.363 2202.752 2282.093 2284.455 2353.21 2422.565 2418.083 2274.335 2289.028 2104.742 2100.555 1927.738 1745.32 1674.078 1565.945 1525.557 1489.595 1473.03 1459.81 1464.18 1469.95 1462.777 1390.22 1351.755 1348.32 1332.135 1308.905 1308.718 1353.177
2249.282 2132.413 2032.565 1999.33 1995.91 2042.608 2092.817 2108.715 2104.765 2103.593 2134.353 2305.417 2383.4 2324.31 2126.433 2057.22 2091.927 2125.032 2304.995 2441.337 2558.165 2651.35 2486.248 2243.135 2313.978 2265.018 2212.67 2164.395 2093.255 2093.903 2107.228 2086.52 2101.175 2120.002 2125.23 2145.095 2161.86 2184.28 2192.363 2288.24 2377.575 2274.265 2187.933 2120.587 2036.338 2017.983 1945.43 1719.823 1553.333 1490.083 1459.33 1438.387 1419.017 1400.505 1431.3 1502.728 1465.205 1391.91 1364.458 1364.735 1345.307 1334.713 1335.262 1298.412
2141.333 2196.353 2062.19 1985.295 1985.387 2005.265 2017.075 2035.042 2079.91 2142.212 2204.34 2178.022 2123.475 2132.18 2064.83 1956.26 2052.782 2175.915 2184.413 2426.933 2518.875 2383.802 2490.722 2308.458 2221.673 2226.633 2250.863 2259.907 2168.232 2082.78 2088.795 2077.798 2091.51 2108.79 2147.18 2182.278 2173.53 2157.202 2144.965 2168.383 2173.012 2145.637 2192.985 2171.37 2127.01 2135.915 2022.555 1721.13 1532.407 1462.95 1441.882 1431.787 1412.165 1396.307 1385.95 1396.155 1379.96 1379.37 1433.08 1464.167 1419.77 1418.368 1401.938 1348.127
2083.72 2121.827 2095.775 2025.708 2000.36 1983.412 1987.865 2005.098 2035.735 2064.475 2110.005 2115.855 2071.96 2045.085 1985.605 1948 1972.955 2013.13 2051.442 2144.725 2223.76 2097.925 2076.387 2119.528 2125.552 2152.66 2246.258 2249.542 2150.545 2076.6 2073.18 2063.945 2089.137 2098.403 2109.423 2125.065 2176.302 2178.645 2162.603 2160.365 2232.077 2235.452 2245.645 2170.59 2190.635 2176.472 2020.257 1744.105 1561.175 1476.98 1432.91 1435.085 1447.713 1436.86 1427.098 1408.943 1442.13 1506.835 1546.615 1521.118 1480.285 1401.7 1363.427 1372.68
2041.25 2076.97 2084.12 2030.757 1996.502 1984.502 1991.098 1977.985 1993.76 2049.722 2161.748 2071.23 2005.515 1984.848 1980.502 1961.635 1957.905 1962.167 1962.863 2007.76 2040.623 2007.175 2013.42 2024.762 2020.21 2064.755 2072.55 2067.808 2072.992 2071.163 2064.19 2062.935 2077.157 2085.633 2095.445 2133.165 2192.397 2210.59 2224.315 2253.673 2273.6 2220.887 2176.695 2189.28 2200.11 2099.195 1964.695 1694.887 1531.542 1480.387 1480.165 1472.765 1485.022 1480.267 1432.667 1465.605 1528.958 1552.252 1565.412 1522.843 1424.305 1362.373 1330.973 1307.65
