modeling headway SP21/modern_topo.txt
ncols         207
nrows         134
xllcorner     -107.64458333335
yllcorner     36.747916666672
cellsize      0.04999999998
NODATA_value  -9999
[rows 58 to 86 of 134, columns 64 to 127 of 207]
1446.175 1482.012 1483.243 1452.588 1437.877 1458.792 1468.953 1493.708 1486.33 1471.22 1480.21 1460.402 1449.17 1424.647 1409.12 1411.645 1397.675 1376.017 1357.443 1316.63 1298.095 1265.975 1229.652 1220.525 1247.12 1287.598 1337.132 1378.833 1369.515 1347.345 1329.483 1312.645 1295.53 1278.007 1261.527 1246.647 1232.3 1217.63 1201.025 1183.618 1170.157 1160.688 1146.18 1134.262 1122.532 1111.935 1104.895 1088.735 1081.603 1062.385 1052.507 1042.4 1031.36 1020.53 1016.302 1006.487 996.1725 988.76 993.405 975.685 953.8125 934.665 966.0925 948.9625
1453.99 1467.907 1462.953 1427.042 1431.18 1429.845 1418.625 1435.185 1442.787 1478.035 1440.065 1452.335 1443.542 1424.637 1402.547 1404.368 1396.677 1375.825 1336.728 1306.277 1279.39 1240.04 1231.807 1245.662 1281.98 1315.017 1363.307 1388.412 1365.265 1346.642 1322.605 1305.672 1290.395 1275.965 1260.608 1244.66 1228.238 1210.765 1194.875 1180.135 1166.865 1162.15 1151.45 1143.3 1129.877 1125.657 1110.703 1095.147 1085.075 1062.82 1044.882 1031.085 1022.393 1008.508 1002.503 1000.112 991.0525 978.545 980.0175 993.9525 988.0475 976.91 940.4475 924.3075
1437.978 1425.838 1431.498 1408.505 1418.833 1423.463 1388.265 1384.55 1384.307 1425.295 1442.078 1402.35 1389.333 1418.387 1419.49 1388.397 1373.215 1341.695 1310.392 1274.578 1247.432 1246.762 1266.382 1279.085 1280.99 1302.33 1347.453 1373.66 1355.48 1351.005 1326.31 1306.417 1290.807 1274.083 1256.307 1236 1217.297 1204.11 1190.563 1178.09 1167.782 1156.167 1145.818 1143.777 1136.47 1120.195 1105.022 1090.91 1082.752 1073.23 1057.995 1047.083 1038.073 1025.42 1012.525 1007.872 1001.862 975.0425 962 955.1475 940.535 934 928.51 926.5125
1396.12 1402.723 1416.04 1389.63 1402.568 1390.757 1370.873 1347.307 1343.132 1354.392 1382.147 1417.302 1380.385 1352.057 1369.392 1352.785 1318.417 1292.675 1269.703 1259.368 1268.205 1297.72 1307.86 1298.027 1317.825 1321.295 1338.865 1341.375 1333.825 1314.233 1307.542 1287.688 1271.563 1258.335 1238.723 1221.265 1210.932 1201.095 1187.145 1176.818 1171.73 1159.968 1150.835 1140.67 1129.445 1119.955 1106.195 1095.343 1090.27 1076.865 1065.407 1050.415 1042.205 1031.468 1017.91 1007.67 1027.723 1027.887 1017.465 1012.953 998.1475 974.7825 948.7975 912.415
1413.905 1383.627 1377.72 1371.935 1367.698 1358.988 1351.05 1355.618 1356.585 1339.718 1338.448 1366.733 1366.073 1346.85 1319.78 1305.215 1283.873 1274.1 1274.943 1296.458 1317.94 1341.557 1351.7 1320.402 1348.512 1362.39 1351.958 1345.453 1336.307 1330.315 1308.2 1293.927 1277.165 1255.825 1229.137 1215.113 1204.498 1197.53 1186.42 1183.39 1176.525 1164.993 1159.757 1146.042 1132.485 1115.98 1109.573 1098.517 1088.912 1082.118 1067.233 1058.045 1050.382 1039.078 1029.177 1011.73 1000.85 1016.13 1018.943 1009.588 995.3125 987.5475 973.0275 958.19
1459.55 1422.775 1399.552 1386.088 1383.868 1375.41 1373.755 1374.53 1366.78 1353.252 1341.575 1327.055 1322.182 1307.53 1298.045 1292.262 1288.542 1301.637 1316.478 1319.708 1344.38 1363.21 1382.568 1345.775 1362.375 1379.323 1372.938 1356.693 1338.04 1326.412 1315.108 1294.363 1274.275 1255.14 1237.945 1228.282 1215.68 1206.205 1192.213 1191.19 1175.525 1162.973 1149.698 1137.14 1129.475 1120.233 1112.5 1097.61 1089.23 1078.68 1068.175 1056.515 1048.047 1039.375 1031.06 1019.625 1006.94 992.9075 1009.275 992.1775 989.1375 987.225 972.54 965.06
1457.075 1431.507 1412.15 1417.123 1423.755 1418.902 1389.282 1388.507 1383.792 1362.625 1350.055 1338.118 1325.645 1317.22 1319.57 1308.563 1300.32 1340.245 1346.313 1329.145 1345.745 1358.775 1381.925 1387.147 1394.537 1394.363 1377.705 1359.81 1339.94 1321.252 1306.873 1287.8 1271.7 1259.042 1246.55 1232.685 1219.853 1205.613 1194.64 1186.785 1173.94 1161.078 1152.85 1139.285 1129.795 1119.6 1108.108 1097.14 1090.363 1076.785 1062.875 1057.123 1048.57 1040.358 1029.48 1017.615 1003.935 988.505 983.2275 997.6825 967.27 960.425 939.5025 936.2525
1446.932 1435.017 1437.595 1441.583 1436.657 1417.343 1407.655 1402.66 1400.45 1392.955 1375.22 1368.502 1336.36 1341.103 1363.762 1335.85 1311.515 1339.285 1368.412 1357.453 1347.307 1364.267 1387.527 1418.988 1423.243 1400.035 1374.855 1352.56 1335.62 1320.958 1307.205 1294.032 1282.182 1266.635 1249.177 1234.22 1222.46 1210.135 1199.502 1187.547 1174.3 1163.925 1154.302 1141.22 1129.267 1116.708 1106.103 1096.48 1084.787 1069.828 1061.277 1054.125 1042.613 1035.228 1024.733 1013.013 1004.335 982.3075 966.2575 954.39 953.825 934.5075 915.9825 896.7475
1456.75 1451.073 1464.838 1462.93 1441.078 1442.807 1433.77 1416.8 1414.027 1421.86 1391.777 1398.877 1355.505 1353.995 1371.693 1340.555 1321.877 1332.935 1372.19 1390.575 1377.152 1384.078 1409.11 1435.073 1415.762 1397.307 1377.147 1363.715 1345.752 1329.02 1317.438 1297.833 1283.45 1270.55 1256.215 1239.56 1223.988 1209.432 1198.975 1183.995 1168.377 1154.382 1140.848 1132.44 1117.358 1104.54 1092.97 1091.833 1077.55 1059.54 1045.772 1043.1 1035.9 1020.482 1014.625 1006.935 993.6125 975.8825 967.1075 953.86 915.5525 890.9825 882.34 872.515
1478.085 1471.975 1494.877 1480.655 1462.42 1479.068 1452.012 1437.068 1427.785 1449.363 1424.41 1414.022 1379.267 1361.63 1377.525 1355.307 1335.287 1334.873 1356.902 1375.667 1402.88 1420.955 1425.162 1431.985 1412.797 1400.07 1393.58 1369.968 1349.55 1339.07 1324.585 1311.257 1293.897 1277.21 1260.688 1245.54 1232.32 1226.175 1203.77 1189.318 1173.895 1161.21 1125.89 1113.547 1112.113 1098.14 1078.647 1053.698 1042.593 1038.32 1027.175 1013.607 1011.898 999.29 991.6225 983.9775 974.295 957.4625 930.1125 907.0775 916.4675 925.8625 909.7375 911.3575
1503.882 1500.152 1516.813 1487.432 1487.762 1499.615 1462.632 1448.733 1440.113 1462.297 1455.907 1428.512 1419.637 1387.037 1380.35 1365.382 1365.32 1349.257 1359.065 1383.137 1414.233 1450.792 1458.333 1445.328 1431.35 1411.395 1392.338 1375.45 1359.17 1344.713 1332.85 1320.545 1302.968 1286.593 1269.785 1255.61 1244.18 1228.675 1210.67 1193.16 1178.92 1160.775 1173.855 1164.838 1158.36 1141.848 1117.323 1086.71 1040.505 1012.893 1006.955 997.3675 992.435 979.205 974 963.995 949.95 931.66 920.76 947.4525 974.79 950.2175 935.4775 951.375
1531.82 1536.748 1524.078 1511.25 1516.235 1503.995 1470.41 1464.198 1453.637 1469.693 1487.85 1454.62 1456.77 1412.723 1397.568 1392.95 1379.025 1365.75 1373.515 1387.858 1414.865 1434.098 1474.11 1462.13 1433.797 1414.983 1400.718 1383.67 1366.512 1351.882 1339.667 1326.33 1311.45 1294.975 1282.012 1268.68 1253.005 1234.92 1218.89 1199.848 1189.802 1196.985 1200.635 1174.475 1164.105 1132.94 1101.438 1050.772 1044.39 1065.478 1071.313 1063.313 1048.975 1030.73 1025.993 1003.01 962.345 947.8325 958.5 975.155 987.8525 962.1475 978.755 969.1
1561.835 1561.813 1542.84 1548.968 1534.065 1505.593 1483.432 1476.43 1467.79 1494.285 1509.252 1496.088 1474.907 1452.743 1414.848 1412.002 1396.12 1384.807 1392.735 1400.825 1421.165 1445.407 1481.068 1466.89 1449.15 1424.26 1405.098 1387.708 1373.373 1359.453 1346.738 1334.623 1315.287 1303.265 1291.123 1275.44 1261.568 1245.132 1231.56 1215.073 1200.813 1191.973 1189.625 1165.328 1150.203 1119.463 1075.16 1059.843 1098.105 1092.21 1073.05 1049.132 1032.13 1017.03 995.56 966.4475 976.6125 1000.345 982.4025 1006.275 1021.11 997.67 1000.578 990.6675
1593.618 1589.845 1566.162 1578.882 1541.12 1508.95 1499.958 1493.745 1493.272 1502.137 1536.745 1515.507 1472.257 1441.225 1427.505 1421.578 1403.94 1410.425 1417.4 1426.435 1436.203 1467.963 1488.555 1483.78 1460.297 1435.328 1412.585 1396.48 1379.45 1366.35 1354.58 1339.495 1325.728 1310.615 1296.027 1281.69 1266.848 1254.703 1240.4 1225.922 1210.235 1193.48 1178.845 1158.882 1118.45 1090.037 1102.565 1114.435 1130.983 1113.945 1092 1083.083 1061.235 1027.137 984.8725 1003.385 1027.41 1023.33 1020.035 1030.22 1032.983 1022.865 1006.565 991.545
1625.365 1614.71 1591.637 1579.98 1538.045 1525.965 1516.257 1515.18 1505.963 1534.017 1554.157 1508.463 1461.177 1472.708 1448.637 1434.495 1433.26 1433.233 1442.797 1450.527 1458.465 1477.195 1497.427 1482.887 1464.67 1450.073 1423.632 1399.348 1384.652 1372.82 1361.69 1347.7 1334.968 1315.735 1301.895 1288.89 1272.902 1261.065 1244.522 1229.627 1213.353 1185.26 1151.248 1137.68 1132 1150.51 1156.757 1145.292 1133.255 1116.615 1099.38 1070.417 1042.193 1004.482 1015.328 1039.46 1053.228 1051.703 1051.235 1043.115 1035.05 1019.745 996.235 974.7125
1658.105 1640.963 1620.262 1584.53 1557.517 1549.35 1537.373 1553.608 1518.63 1545.172 1562.995 1505.287 1481.868 1483.752 1468.032 1446.505 1465.162 1450.657 1466.125 1475.213 1486.255 1485.41 1506.748 1493.61 1475.62 1463.9 1443.188 1414.045 1396.44 1384.162 1370.853 1355.037 1338.425 1320.892 1306.708 1291.465 1273.772 1256.078 1235.545 1221.573 1204.91 1178.35 1174.62 1196.083 1181.98 1172.155 1149.505 1145.07 1124.427 1105.238 1080.917 1052.953 1018.965 1024.583 1053.598 1063.575 1070.84 1065.318 1057.057 1046.307 1034.757 1016.69 1000.655 974.6375
1688.275 1658.395 1651.635 1612.845 1581.752 1576.6 1556.223 1572.21 1553.715 1545.87 1561.445 1510.17 1522.575 1506.443 1470.63 1483.52 1487.925 1492.728 1489.755 1504.035 1509.83 1518 1517.297 1503.365 1486.76 1470.502 1453.35 1436.882 1408.945 1390.552 1373.8 1357.035 1339.145 1320.282 1301.958 1283.94 1267.75 1255.542 1260.738 1245.4 1222.45 1222.025 1219.325 1206.323 1188.64 1173.193 1151.713 1121.75 1116.853 1088.177 1057.925 1042.823 1050.483 1061.375 1062.775 1069.41 1072.935 1066.948 1058.195 1046.505 1025.963 1003.698 991.11 989.4725
1718.86 1687.795 1685.422 1649.042 1609.235 1603.04 1585.405 1573.802 1596.203 1578.83 1575.83 1542.623 1529.882 1493.38 1486.62 1502.45 1519.045 1522.353 1522.55 1527.62 1543.8 1546.475 1531.71 1511.853 1494.248 1474.145 1453.968 1437.417 1421.305 1392.838 1373.318 1355.645 1337.4 1324.958 1311.78 1297.555 1282.728 1269.95 1264.915 1259.46 1244.468 1229.307 1214.162 1197.667 1180.01 1152.882 1129.27 1103.805 1079.205 1067.535 1078.738 1096.682 1089.655 1091.238 1076.315 1065.563 1068.955 1066.777 1053.858 1029.953 1025.547 1024.078 1005.972 973.3325
1747.41 1717.213 1714.23 1669.315 1644.208 1644.542 1613.818 1595.213 1612.733 1618.823 1592.932 1587.38 1533.315 1506.938 1509.625 1527.205 1547.32 1562.14 1566.108 1582.733 1580.068 1562.002 1540.307 1525.547 1506.368 1486.613 1462.193 1435.677 1419.035 1405.272 1387.725 1368.715 1351.325 1334.845 1320.022 1304.295 1289.81 1274.93 1261.448 1253.05 1229.527 1205.2 1180.955 1157.557 1141.945 1126.252 1112.787 1105.392 1116.382 1103.188 1123.525 1123.94 1117.53 1109.877 1095.458 1072.463 1061.585 1051.868 1044.435 1035.762 1021.487 1004.775 988.8525 1002.042
1779.525 1749.42 1734.77 1678.118 1683.093 1680.5 1646.03 1632.677 1616.345 1657.68 1619.927 1600.36 1545.46 1525.282 1527.64 1552.84 1602.23 1617.515 1626.252 1607.75 1588.177 1569.13 1547.532 1526.24 1505.44 1482.922 1458.593 1451.662 1441.478 1424.55 1405.407 1379.843 1358.495 1341.55 1327.223 1309.647 1293.775 1276.955 1260.075 1240.792 1214.348 1188.33 1183.443 1168.915 1165.045 1162.345 1140.9 1148.113 1143.922 1143.632 1138.59 1127.79 1110.162 1101.975 1093.08 1084.642 1076.757 1068.355 1047.205 1021.938 1030.545 1031.802 1023.482 1014.282
1812.813 1790.76 1733.578 1729.21 1739.583 1728.453 1683.005 1664.323 1644.255 1645.473 1652.605 1615.84 1586.485 1559.755 1576.06 1602.598 1668.99 1654.51 1639.777 1616.7 1597.193 1575.238 1554.787 1535.498 1515.9 1493.79 1474.118 1459.675 1444.752 1428.63 1411.512 1395.095 1370.463 1347.845 1332.815 1315.97 1297.588 1275.078 1243.377 1223.63 1228.47 1227.165 1203.98 1199.063 1194.142 1181.34 1170.973 1175.693 1166.57 1159.507 1147.195 1133.333 1127.23 1116.72 1105.248 1085.48 1069.05 1055.782 1047.182 1052.353 1046.12 1036.21 1026.662 1010.412
1851 1836.892 1772.098 1748.198 1817.368 1774.785 1726.015 1697.252 1693.463 1650.277 1674.535 1690.51 1639.36 1609.248 1628.34 1689.455 1694.025 1672.25 1646.578 1627.838 1606.093 1583.238 1563.38 1543.713 1521.705 1509.208 1492.115 1469.162 1443.708 1426.6 1411.78 1399.103 1384.635 1363.762 1338.927 1320.135 1294.813 1267.55 1258.885 1270.96 1254.787 1240.037 1213.083 1219.185 1212.417 1199.443 1197.088 1189.973 1177.14 1165.165 1155.672 1141.885 1131.917 1114.917 1099.45 1083.59 1075.177 1078.835 1069.677 1056.792 1048.84 1033.402 1023.48 1018.107
1899.157 1871.4 1799.32 1766.55 1854.785 1811.085 1767.922 1726.235 1724.56 1672.343 1687.772 1699.64 1684.27 1687.823 1710.902 1729.948 1703.427 1676.19 1660.932 1638.052 1617.868 1594.297 1575.915 1555.517 1543.18 1522.515 1501.58 1479.91 1458.738 1438.427 1421.375 1413.775 1398.012 1377.902 1342.657 1319.99 1301.77 1286.468 1292.162 1283.772 1271.475 1239.782 1238.04 1232.87 1225.315 1215.79 1206.805 1196.945 1184.353 1171.95 1154.755 1135.637 1124.473 1114.3 1098.01 1096.43 1093.123 1083.037 1068.61 1055.74 1046.397 1041.53 1030.642 1016.465
1960.073 1904.637 1810.468 1779.68 1848.563 1837.277 1790.23 1765.18 1722.363 1710.932 1702.07 1727.365 1740.64 1777.772 1753.132 1733.118 1718.35 1699.91 1679.585 1654.292 1633.605 1610.54 1589.25 1574.765 1554.422 1530.248 1505.198 1486.33 1465.155 1439.99 1413.922 1396.027 1376.275 1360.848 1355.98 1340.975 1310.275 1317.468 1306.002 1288.348 1266.848 1267.195 1261.56 1242.998 1236.542 1228.912 1217.147 1206.983 1189.85 1170.835 1158.248 1151.348 1135.16 1123.94 1119.468 1108.693 1097.52 1086.07 1074.368 1062.407 1049.67 1037.405 1021.232 1012.617
2008.387 1924.195 1821.182 1818.118 1860.2 1856.68 1821.58 1798.235 1750.238 1749.5 1732.427 1727.34 1713.24 1710.185 1687.193 1675.335 1713.135 1719.645 1692.613 1671.345 1647.305 1625.915 1610.01 1586.21 1557.863 1537.098 1519.4 1500.177 1478.672 1442.29 1425.635 1413.355 1405.593 1385.74 1363.015 1347.56 1331.213 1331.43 1317.64 1295.823 1284.348 1285.203 1276.108 1265.63 1247.688 1231.963 1214.527 1200.315 1191.417 1180.402 1169.86 1152.037 1141.53 1135.282 1128.68 1113.985 1101.863 1090.667 1077.938 1062.55 1047.108 1038.802 1033.392 1022.13
2013.465 1904.743 1840.377 1859.915 1884.353 1844.432 1800.983 1780.775 1751.593 1772.375 1750.39 1713.465 1699.11 1672.92 1654.515 1640.213 1656.96 1681.44 1686.252 1679.203 1660.943 1644.377 1621.73 1593.945 1572.81 1555.787 1528.833 1497.87 1472.465 1462.125 1446.405 1441.03 1416.045 1392.797 1381.618 1356.642 1360.87 1339.968 1321.088 1303.755 1307.002 1295.537 1280.625 1265.32 1249.645 1239.848 1228.233 1214.015 1202.672 1188.555 1174.213 1163.06 1150.618 1138.61 1129.02 1117.075 1102.33 1088.28 1075.145 1066.125 1061.985 1047.57 1036.82 1024.29
2016.767 1896.417 1893.767 1889.42 1864.69 1872.698 1839.833 1835.06 1812.275 1802.745 1771 1744.815 1758.27 1724.13 1677.007 1640.863 1612.983 1617.805 1615.88 1613.193 1632.765 1643.563 1627.037 1603.757 1580.065 1550.705 1522.167 1498.802 1500.083 1475.422 1473.073 1446.87 1428.438 1407.302 1383.578 1380.975 1363.945 1348.72 1329.022 1326.012 1312.537 1294.172 1284.833 1278.583 1267.94 1255.365 1239.77 1221.845 1205.762 1191.782 1176.8 1163.44 1150.75 1134.4 1117.248 1115.85 1104.71 1094.708 1085.82 1072.767 1059.517 1050.123 1036.802 1023.255
1967.118 1953.802 1942.08 1913.62 1925.56 1906.11 1868.405 1847.047 1797.662 1779.86 1770.667 1799.323 1771.49 1734.28 1701.853 1678.035 1618.978 1583.443 1576.718 1572.012 1577.615 1575.095 1588.167 1574.765 1553.355 1538.407 1532.363 1529.642 1508.713 1496.82 1470.512 1454.32 1435.797 1414.838 1409.073 1390.363 1378.35 1364.583 1357.598 1333.755 1315.495 1312.078 1298.93 1281.13 1269.635 1252.555 1234.91 1219.603 1206.017 1189.637 1174.585 1160.208 1143.08 1127.515 1116.807 1091.262 1077.785 1077.458 1065.24 1056.042 1043.257 1032.2 1033.493 1022.12
2041.39 2032.262 1973.063 1950.802 1902.07 1875.34 1870.637 1848.813 1866.585 1851.728 1837.108 1802.988 1764.565 1730.99 1700.292 1667.772 1646.738 1604.785 1564.953 1542.738 1538.078 1535.392 1553.235 1580.47 1601.017 1584.818 1565.375 1545.123 1529.99 1506.402 1480.04 1459.04 1440.608 1434.31 1417.66 1402.797 1394.12 1377.132 1364.805 1344.998 1330.985 1313.603 1295.575 1276.52 1260.052 1244.037 1229.495 1216.598 1205.512 1196.448 1184.422 1163.208 1142.07 1118.44 1112.708 1101.302 1082.975 1057.368 1036.123 1019.065 1022.792 1025.06 1031.61 1018.063
