modeling headway SP21/modern_topo.txt
ncols         207
nrows         134
xllcorner     -107.64458333335
yllcorner     36.747916666672
cellsize      0.04999999998
NODATA_value  -9999
[rows 0 to 28 of 134, columns 64 to 127 of 207]
1198.575 1217.89 1186.983 1153.598 1123.57 1125.725 1117.682 1110.205 1095.953 1089.24 1128.845 1207.853 1240.613 1219.093 1324.31 1310.152 1311.037 1240.603 1188.18 1133.35 1121.588 1007.593 949.885 924.3825 925.94 942.675 930.7175 967.2575 977.7075 986.76 956.8625 930.375 916.1325 892.2675 865.2925 850.805 845.0175 835.6375 853.995 907.745 876.9175 927.8875 963.6825 939.8425 898.0675 895.7025 912.82 958.605 967.6375 919.7975 919.11 862.77 850.49 833.2375 870.7625 910.68 896.745 919.815 881.9925 819.7525 808.185 816.445 855.355 826.93
1183.975 1165.973 1162.078 1138.86 1150.505 1182.19 1174.938 1182.177 1146.53 1117.757 1081.963 1097.272 1130.945 1182.975 1266.67 1322.932 1263.382 1218.588 1168.307 1160.248 999.46 956.7625 960.48 963.4675 979.5625 980.34 955.5375 977.4375 996.98 950.49 924.2075 910.7575 906.9825 890.6725 872.4775 848.1625 864.155 873.2375 868.5275 908.3375 930.2175 911.4 968.215 967.0375 933.9975 965.6025 952.135 972.905 1046.125 1005.943 950.6425 896.23 899.23 888.265 860.68 883.5225 937.8 935.8875 870.265 869.545 858.2975 840.26 873.7 864.8425
1206.555 1178.63 1165.802 1179.167 1199.23 1194.145 1226.42 1182.725 1161.635 1155.713 1108.198 1076.188 1060.81 1088.382 1194.355 1212.022 1114.838 1050.85 1142.195 1051.703 982.4275 1015.01 1027.265 1012.693 996.4025 1012.21 994.4025 978.8675 985.495 948.3775 921.3025 896.0325 879.665 872.1525 866.695 890.5 900.8775 899.1975 935.475 901.0925 968.6425 948.42 1032.03 1027.057 995.745 1022.14 1020.62 1020.065 1016.645 1029.973 989.53 970.23 967.9775 942.545 906.94 883.06 898.6875 914.3175 934.9175 936.875 905.1225 884.06 932.1475 908.6325
1199.047 1177.088 1185.415 1222.86 1261.963 1226.073 1252.62 1226.605 1177.985 1149.24 1143.125 1103.18 1100.017 1081.33 1113.693 1089.35 1021.785 1026.713 1039.55 1015.305 1006.953 1005.778 1011.175 1039.64 1026.41 1039.818 1013.34 994.0475 975.1925 948.33 929.9175 900.2475 884.6975 905.63 900.54 926.6175 968.78 933.245 960.5025 922.49 999.985 983.0475 1012.193 1062.922 1053.047 1038.407 1048.588 1055.16 1044.743 1045.017 1022.815 1004.185 989.57 964.68 947.6025 916.1875 897.375 897.3025 895.86 902.655 893.4725 926.3675 977.36 960.6175
1212.998 1230.248 1228.493 1214.338 1239.432 1271.823 1280.167 1221.98 1160.02 1136.355 1125.285 1125.333 1139.578 1101.532 1085.69 1064.285 1042.098 1047.927 1095.935 1069.33 1032.598 1048.282 1033.307 1017.648 1039.537 1017.427 978.9 960.215 948.1825 933.0825 918.2175 910.3575 893.0225 920.205 951.88 1013.78 997.9175 982.2 1011.11 953.1425 1018.703 1033.193 1005.708 1013.71 1045.425 1074.748 1052.8 1054.007 1053.21 1042.877 1036.637 1024.267 1018.948 996.03 971.58 945.2875 939.77 926.36 911.1625 901.7275 900.36 915.525 948.13 959.5825
1281.56 1287.188 1246.54 1256.07 1261.44 1281.05 1249.475 1209.938 1175.772 1152.8 1169.415 1150.195 1148.703 1122.88 1088.627 1076.353 1050.755 1082.213 1093.118 1098.15 1093.215 1078.902 1060.565 1041.99 1028.703 1017.818 993.6875 986.235 957.625 937.08 948.97 931.58 904.1425 921.48 936.325 997.5425 1044.848 1048.465 1042.458 1010.398 989.8775 1021.25 1045.165 1036.44 1043.468 1084.075 1064.7 1038.71 1031.078 1029.145 1016.823 1016.862 1004.552 1002.53 994.3675 969.5825 951.4575 931.2175 916.95 910.0775 905.4575 899.6 906.6475 913.7775
1319.708 1268.843 1294.983 1292.475 1291.988 1301.627 1247.005 1220.705 1220.233 1227.725 1244.32 1201.027 1177.818 1147.022 1097.35 1068.608 1064.507 1080.26 1099.017 1136.335 1112.55 1092.137 1081.963 1058.955 1046.132 1047.705 1040.527 1003.84 985.575 976.63 951.56 954.9875 929.7225 950.42 1008.225 969.0275 983.3325 1042.005 1072.657 1049.1 1033.445 1018.86 1028.185 1044.287 1048.47 1040.453 1038.948 1026.585 1011.703 1005.86 1013.785 998.84 981.0825 979.485 972.9225 963.985 954.635 933.065 915.7825 923.155 925.7075 920.0875 903.345 896.6175
1311.49 1272.983 1290.43 1320.578 1297.925 1293.185 1269.123 1249.662 1246.98 1225.73 1219.63 1193.142 1160.657 1129.62 1106.825 1078.223 1090.473 1120.873 1125.1 1131.715 1118.265 1098.958 1076.537 1064.662 1079.29 1088.385 1050.375 1021.682 1000.75 984.2025 1011.378 997.36 933.14 969.5975 1029.902 1044.08 1017.495 999.84 1052.698 1066.785 1052.565 1043.205 1031.79 1051.06 1065.64 1057.27 1052.897 1049.015 1040.295 1045.265 1044.57 1033.435 1024.262 1016.472 988.27 961.1275 942.045 940.95 947.14 948.355 949.705 945.9175 941.9125 925.745
1329.198 1302.873 1321.18 1373.057 1366.432 1272.63 1249.708 1221.238 1199.037 1181.765 1157.897 1151.382 1145.935 1134.473 1118.438 1088.325 1111.77 1130.667 1157.71 1129.535 1111.292 1092.057 1092.932 1095.988 1108.892 1092.968 1067.035 1043.615 1036.843 1017.07 1014.41 973.925 939.475 994.695 1039.557 1058.405 1038.208 999.1175 1011.898 1028.703 1048.755 1070.805 1071.755 1070.402 1068.51 1072.625 1068.97 1070.238 1062.245 1052.95 1047.368 1041.068 1033.233 1027.262 1014.43 1000.253 990.3175 992.27 986.43 981.325 972.67 965.79 978.46 945.2225
1373.108 1359.772 1341.052 1369.478 1348.652 1281.895 1243.848 1214.94 1210.63 1192.902 1185.08 1169.132 1147.095 1131.13 1110.985 1108.94 1119.738 1147.328 1175.353 1171.007 1144.353 1120.93 1116.892 1102.002 1088.718 1060.438 1030.688 1009.49 996.64 987.545 974.0375 963.305 981.14 1022.485 1030.72 1070.993 1064.705 1021.85 1061.272 1111.002 1129.578 1167.59 1136.598 1117.72 1096.57 1088.86 1080.92 1073.667 1067.78 1058.735 1050.65 1042.563 1031.068 1019.088 1007.86 1003.167 994.3 986.125 987.845 988.185 982.2425 973.68 961.855 942.2775
1438.04 1391.838 1371.48 1365.198 1333.047 1313.573 1278.073 1285.22 1252.568 1214.932 1191.738 1171.307 1150.057 1131.04 1128.468 1135.615 1151.26 1146.17 1154.855 1166.738 1132.797 1087.82 1070.04 1061.44 1050.115 1044.005 1031.125 1001.758 982.0625 986.355 981.5825 989.775 1009.703 1014.065 1080.13 1134.782 1115.593 1067.907 1082.31 1132.065 1181.345 1191.57 1171.925 1167.27 1136.58 1108.927 1094.127 1074.235 1065.233 1056.79 1046.63 1043.313 1029.52 1015.273 1010.172 997.9 991.55 984.92 974.4025 979.3575 975.8525 972.5225 965.8475 961.13
1519.79 1508.262 1458.32 1465.277 1448.595 1461.605 1434.545 1403.302 1323.985 1263.95 1223.715 1197.96 1169.475 1147.057 1154.69 1167.287 1160.7 1152.963 1129.282 1107.66 1096.983 1072.392 1060.345 1042.93 1038.527 1029.12 1012.972 993.9925 1016.19 1015.5 1025.965 1012.148 1023.115 1040.845 1083.542 1171.512 1127.355 1098.9 1146.473 1124.69 1135.713 1161.405 1158.547 1135.417 1125.845 1117.66 1100.507 1095.825 1085.797 1067.493 1048.948 1036.623 1028.218 1013.992 1007.995 994.9075 985.56 975.975 947.53 935.53 927.475 926.645 933.025 960.465
1552.603 1541.463 1539.027 1556.012 1558.365 1561.255 1535.787 1522.275 1472.31 1311.685 1249.175 1206.767 1188.152 1181.468 1196.725 1224.938 1284.257 1207.007 1133.118 1113.198 1087.132 1072.603 1055.05 1045.705 1040.338 1025.25 1017.958 1019.393 1040.027 1060.055 1048.51 1064.568 1111.61 1142.328 1143.46 1206.83 1175.735 1146.055 1168 1167.165 1147.65 1136.157 1116.83 1105.245 1095.775 1087.422 1081.96 1092.155 1093.307 1079.015 1060.65 1040.422 1030.922 1015.188 987.8 971.485 964.9075 970.2875 978.16 974.26 958.9325 944.2625 923.7075 911.8375
1529.203 1515.83 1507.81 1523.915 1540.28 1544.73 1530.843 1517.483 1559.205 1490.495 1375.08 1343.223 1269.505 1249.675 1294.233 1409.927 1392.568 1278.52 1193.318 1139.655 1104.155 1081.835 1062.97 1049.985 1045.157 1043.892 1055.71 1059.458 1093.552 1163.96 1121.063 1158.25 1180.958 1212.905 1196.985 1203.927 1198.047 1182.088 1171.385 1160.507 1182.397 1152.917 1123.353 1116.873 1110.287 1095.943 1077.828 1071.568 1066.275 1047.392 1042.55 1026.895 1014.975 1014.87 1024.588 1025.1 1017.448 1004.2 993.435 981.725 971.18 960.8225 954.485 946.83
1516.41 1502.652 1497.11 1495.907 1498.103 1511.402 1512.243 1485.505 1526.017 1529.757 1508.443 1470.963 1430.435 1401.105 1439.75 1435.772 1397.895 1348.25 1305.635 1195.377 1121.142 1094.498 1086.708 1083.895 1086.078 1089.7 1103.92 1159.147 1191.925 1225.84 1204.238 1228.218 1229.693 1193.182 1202.313 1198.453 1188.907 1160.892 1142.363 1139.045 1153.603 1142.047 1116.188 1108.438 1109.733 1101.868 1088.33 1065.563 1049.75 1054.493 1052.43 1053.835 1058.755 1052.938 1042.73 1038.618 1033.537 1022.497 1002.747 994.7125 980.9925 967.3875 959.98 950.7675
1531.11 1520.443 1499.088 1491.877 1490.052 1476.43 1470.63 1461.305 1478.42 1502.907 1492.59 1476.18 1467.07 1444.807 1437.41 1419.775 1378.81 1336.343 1252.632 1199.14 1146.578 1144.93 1185.752 1168.755 1169.685 1183.495 1243.532 1251.818 1264.547 1281.823 1283.97 1262.718 1226.265 1190.185 1171.953 1164.5 1153.608 1144.637 1130.027 1124.3 1136.563 1146.225 1118.132 1106.125 1096.532 1074.6 1075.805 1073.055 1078.605 1084.11 1081.135 1077.968 1073.55 1071.858 1059.775 1050.243 1045.11 1028.425 1019.37 1005.15 997.335 983.83 971.7 965.7525
1535.368 1523.662 1519.28 1508.213 1498.233 1483.615 1484.595 1480.157 1464.307 1449.813 1445.667 1449.693 1455.912 1406.733 1385.483 1353.463 1330.603 1287.863 1234.245 1228.762 1224.86 1214.667 1291.095 1316.392 1315.123 1310.382 1341.86 1325.4 1317.787 1307.445 1289.945 1258.985 1228.755 1196.363 1167.443 1151.873 1143.48 1145.94 1156.68 1156.488 1140.198 1123.343 1095.267 1099.745 1097.733 1116.17 1119.47 1120.748 1114.498 1111.198 1101.875 1095.02 1087.155 1083.348 1075.123 1067.825 1060.578 1048.777 1032.33 1023.063 1008.5 992.42 991.3175 982.5725
1507.723 1498.113 1513.833 1526.417 1505.57 1478.415 1460.86 1450.797 1442.032 1426.65 1415.05 1440.245 1466.58 1437.625 1439.24 1404.82 1381.845 1350.76 1367.083 1342.703 1372.838 1345.92 1374.057 1377.488 1359.802 1348.858 1325.022 1306.415 1280.313 1265.088 1259.005 1251.07 1233.79 1206.635 1177.245 1160.915 1144.83 1149.02 1157.588 1137.877 1127.813 1119.71 1132.897 1151.135 1153.85 1151.917 1143.25 1135.45 1127.343 1119.748 1112.415 1103.89 1094.665 1087.83 1080.022 1071.645 1064.772 1055.802 1052.57 1042.507 1033.027 1019.787 1012.885 1000.282
1480.142 1460.41 1477.318 1494.265 1487.302 1473.225 1460.87 1449.277 1444.58 1434.015 1408.185 1420.733 1444.953 1456.235 1422.595 1435.287 1429.182 1416.45 1426.142 1409.613 1401.18 1373.453 1351.895 1328.417 1326.33 1300.147 1292.035 1267.007 1254.887 1236.787 1221.693 1210.655 1203.295 1193.177 1171.363 1152.705 1142.965 1131.275 1151.277 1148.155 1167.42 1167.78 1175.85 1167.507 1173.113 1167.625 1161.233 1159.618 1149.02 1141.06 1138.965 1128.198 1117.84 1106.78 1090.147 1082.953 1074.865 1070.537 1056.315 1049.875 1045.25 1032.67 1013.72 1003.875
1442.907 1424.588 1436.213 1443.333 1460.745 1472.075 1465.7 1459.762 1442.195 1419.088 1404.417 1382.26 1404.688 1429.943 1394.835 1378.323 1388.31 1383.815 1371.652 1366.073 1354.463 1329.843 1309.703 1273.152 1257.1 1244.527 1242.66 1239.787 1232.065 1211.13 1200.313 1186.315 1177.098 1167.13 1158.755 1146.032 1142.623 1164.26 1176.805 1170.12 1166.238 1183.983 1183.968 1188.475 1186.515 1181.427 1175.257 1172.85 1163.3 1156.535 1145.455 1138.532 1121.69 1112.53 1101.91 1091.708 1087.267 1068.115 1057.098 1054.17 1043.307 1037.36 1025.015 1012.198
1418.897 1382.512 1410.7 1430.563 1435.265 1450.137 1450.182 1461.065 1449.02 1419.453 1409.453 1398.213 1374.03 1374.787 1370.505 1368.743 1350.13 1329.845 1319.54 1308.35 1294.358 1285.502 1281.022 1293.58 1298.252 1295.547 1278.248 1256.57 1235.287 1222.588 1226.5 1205.198 1191.787 1168.635 1156.15 1153.88 1174.922 1184.38 1183.03 1168.618 1172.505 1192.18 1202.488 1205.585 1198.593 1191.69 1181.04 1178.703 1174.833 1167.805 1159.675 1152.757 1138.625 1121.575 1112.417 1103.752 1094.333 1080.578 1071.057 1055.76 1049.177 1042.655 1034.555 1016.925
1400.785 1373.333 1380.05 1390.608 1430.397 1447.652 1427.453 1434.368 1425.323 1414.095 1395.542 1381.387 1381.21 1401.13 1411.512 1403.815 1362.338 1341.385 1353.448 1338.18 1337.62 1353.453 1352.897 1354.223 1335.79 1323.098 1299.902 1280.24 1264.01 1255.09 1236.4 1208.902 1200.993 1178.78 1167.56 1192.583 1191.677 1187.485 1179.282 1174.665 1180.535 1205.555 1209.887 1218.108 1218.767 1201.495 1192.027 1188.575 1193.228 1189.83 1178.438 1167.762 1151.978 1142.095 1132.41 1123.455 1114.57 1094.422 1079.97 1066.127 1060.395 1054.86 1042.828 1029.162
1416.147 1390.228 1352.465 1382.33 1431.032 1463.1 1433.988 1432.027 1413.52 1425.115 1441.402 1441.31 1432.873 1424.695 1413.765 1391.233 1375.473 1389.998 1388.012 1384.068 1389.368 1385.96 1374.89 1356.675 1340.47 1327.172 1313.848 1294.807 1277.425 1258.535 1237.613 1214.055 1197.86 1182.71 1191.693 1204.473 1197.473 1188.453 1183.257 1170.07 1188.652 1206.688 1207.12 1220.615 1231.395 1218.527 1200.735 1184.542 1178.203 1179.58 1180.97 1176.328 1166.017 1146.89 1137.843 1130.265 1121.223 1110.172 1101.182 1092.243 1086.637 1073.853 1065.67 1058.557
1434.26 1419.1 1353.68 1330.752 1404.738 1427.502 1401.22 1373.82 1394.537 1400.063 1432.73 1465.965 1474.63 1462.075 1448.022 1438.625 1427.595 1429.713 1409.963 1394.86 1377.06 1372.145 1367.387 1351.01 1329.213 1317.01 1307.877 1294.363 1275.032 1258.51 1237.115 1217.51 1195.555 1189.045 1197.295 1203.297 1193.785 1183.415 1180.527 1173.205 1187.47 1199.635 1204.468 1214.505 1226.738 1233.152 1213.027 1195.585 1184.38 1172.642 1170.76 1169.637 1174.18 1168.568 1148.877 1133.027 1123.642 1113.115 1098.54 1090.01 1084.285 1067.578 1064.73 1055.14
1405.71 1406.422 1330.525 1300.672 1353.52 1355.02 1352.488 1331.705 1328.537 1392.49 1439.9 1453.593 1488.098 1495.08 1472.585 1442.16 1417.037 1408.257 1398.432 1378.04 1358.79 1343.843 1336.738 1328.445 1320.165 1297.815 1287.623 1285.068 1271.26 1255.688 1237.677 1218.23 1206.05 1194.262 1193.632 1191.215 1184.575 1182.94 1180.188 1178.373 1192.015 1200.333 1206.693 1209.797 1206.667 1220.16 1225.002 1206.873 1191.363 1181.815 1165.4 1161.252 1160.493 1159.765 1147.698 1137.99 1131.262 1121.41 1107.18 1096.87 1083.963 1072.29 1057.828 1050.765
1294.48 1321.282 1307.98 1307.443 1341.9 1341.935 1363.48 1319.22 1333.715 1385.035 1395.54 1411.887 1450.49 1460.262 1455.19 1428.905 1404.895 1384.41 1369.38 1350.065 1336.595 1331.468 1316.662 1313.33 1308.652 1295.84 1274.127 1268.25 1258.693 1247.42 1234.75 1213.728 1198.01 1191.375 1201.108 1193.485 1187.555 1184.09 1184.175 1188.43 1189.985 1203.99 1206.6 1205.333 1204.818 1212.81 1213.07 1220.035 1201.348 1186.802 1171.33 1155.885 1155.715 1152.475 1146.935 1134.152 1129.61 1119.1 1107.507 1099.353 1083.223 1069.13 1054.578 1044.705
1296.733 1275.677 1271.057 1287.662 1296.848 1320.953 1331.193 1307.208 1290.557 1341.743 1350.935 1344.275 1377.02 1394.998 1413.7 1432.338 1419.71 1402.522 1372.02 1343.147 1316.35 1307.448 1296.402 1301.3 1300.615 1281.297 1269.58 1245.047 1231.135 1227.583 1219.88 1209.75 1199.885 1198.052 1198.475 1192.932 1191.493 1186.932 1190.695 1187.015 1194.277 1202.395 1201.748 1208.297 1204.935 1207.905 1209.33 1208.74 1209.245 1192.238 1175.025 1163.407 1153.243 1154.725 1142.765 1138.665 1124.863 1116.605 1105.275 1096.287 1091.42 1075.152 1058.228 1045.277
1352.583 1317.618 1296.83 1268.708 1258.79 1266.752 1281.313 1282.41 1272.775 1291.925 1316.68 1339.015 1299.787 1308.507 1372.802 1378.193 1398.238 1401.762 1391.825 1376.385 1348.23 1321.44 1298.132 1276.912 1266.277 1256.458 1242.81 1235.4 1226.385 1216.28 1207.343 1202.262 1199.965 1199.637 1206.777 1201.815 1195.96 1186.248 1185.92 1191.287 1191.11 1195.738 1203.927 1202.932 1210.182 1207.62 1206.318 1206.555 1208.785 1203.375 1178.3 1166.235 1157.573 1151.142 1150.055 1139.985 1129.485 1122.833 1109.605 1093.79 1082.4 1075.36 1057.4 1050.118
1307.38 1323.93 1306.595 1285.228 1283.402 1264.52 1250.02 1254.323 1255.15 1256.035 1259.32 1279.33 1265.335 1262.627 1285.82 1311.552 1336.397 1377.297 1359.42 1388.142 1375.868 1348.49 1333.527 1308.565 1292.363 1279.94 1264.34 1254.368 1240.498 1231.19 1220.6 1208.233 1204.813 1199.167 1199.76 1196.193 1197.375 1191.868 1191.74 1192.877 1186.772 1197.035 1203.757 1207.022 1204.785 1206.24 1206.243 1204.86 1209.248 1200.195 1184.06 1167.282 1159.397 1146.767 1145.205 1144.277 1136.252 1125.16 1115.925 1095.23 1085.618 1075.557 1064.127 1052.695
