modeling headway SP21/modern_topo.txt
ncols         207
nrows         134
xllcorner     -107.64458333335
yllcorner     36.747916666672
cellsize      0.04999999998
NODATA_value  -9999
[rows 29 to 57 of 134, columns 128 to 191 of 207]
1042.228 1033.025 1018.838 1010.302 1001.165 994.775 983.0825 969 960.7625 946.8 933.3525 913.18 903.08 891.04 880.0175 871.1075 870.1825 869.12 865.865 857.915 851.845 839.15 825.1875 810.8325 791.5225 780.7275 776.6925 778.0125 770.3075 777.5875 762.9875 765.1725 761.355 758.435 749.7975 732.5125 713.69 722.1325 716.2375 723.435 721.31 729.07 721.14 718.325 698.98 684.2925 672.69 668.5925 672.03 679.7575 667.43 655.3325 645.085 639.31 631.0125 622.5975 613.3975 607.6125 620.005 629.295 608.4125 606.48 604.9425 588.5575
1042.642 1028.238 1013.698 1004.815 1001.73 990.3 976.795 966.425 956.4475 946.565 935.43 928.8725 918.85 909.415 899.43 881.885 868.5425 855.2575 848.785 843.3975 845.0875 846.9275 847.8525 839.0775 819.095 800.3775 792.7825 771.76 761.61 755.7375 749.555 742.61 741.74 750.365 750.3225 742.085 732.195 710.9025 699.8675 712.5725 713.62 728.8125 730.665 710.0875 703.3075 689.2 679.7325 664.6075 659.2925 672.8325 678.4525 665.8975 659.1525 659.9175 643.125 631.465 624.21 608.9775 594.7125 604.6 618.63 625.2075 618.9625 592.3775
1048.233 1037.445 1019.175 1001.388 994.08 980.74 972.0525 968.205 953.135 941.39 935.555 924.79 919.795 909.75 900.14 889.5025 876.0075 863.925 858.09 842.73 830.9075 824.115 831.585 833.0025 822.78 810.0125 800.12 796.69 785.2325 779.0825 772.535 764.365 740.46 726.36 737.55 738.145 737.675 733.48 720.6725 692.3275 703.79 713.94 738.4325 730.9325 701.4025 683.8625 680.7375 672.9375 662.85 649.6075 667.1 665.435 651.83 656.6525 655.66 658.5275 653.865 626.905 609.775 593.6275 588.225 593.12 597.89 593.63
1053.185 1042.693 1028.595 1023.907 1017.95 1002.575 997.93 990.355 972.77 957.9175 939.37 920.7375 920.195 914.0775 908.02 892.9575 878.5875 865.12 857.3375 844.205 827.695 818.47 810.39 805.235 799.0425 792.2075 787.85 782.4075 791.1 794.6125 783.8275 769.0575 763.03 748.8725 724.0625 720.9175 720.5275 734.7675 739.3275 725.65 696.0675 688.2975 711.21 726.375 726.655 715.16 679.5 662.5625 655.0525 652.1225 644.285 661.5425 664.11 642.8775 653.37 658.42 659.3075 642.63 638.0325 623.11 613.6675 587.6675 575.8375 586.6025
1053.983 1059.412 1051.863 1048.897 1035.33 1020.143 1014.552 1009.218 988.335 972.5625 954.0575 944.375 936.365 915.385 901.785 886.94 880.1825 866.25 854.68 843.73 843.635 845.9575 841.9725 838.0625 821.885 813.335 806.1875 789.0525 774.7875 774.3625 812.02 801.6225 799.6275 784.095 759.2725 731.54 714.5 705.935 703.6875 696.645 689.025 678.0225 661.715 682.6 700.1925 712.7725 704.355 679.9675 660.92 651.91 641.795 629.1 640.0125 642.01 632.0775 640.365 651.365 650.5025 640.975 639.2025 630.63 613.8675 582.8975 576.265
1060.863 1052.223 1055.123 1046.065 1036.323 1028.46 1011.607 998.6175 985.52 974.7275 958.62 951.5575 940.5075 923.3125 907.6225 907.34 893.17 877.6225 865.47 861.1975 869.6425 863.7825 850.44 839.45 831.62 824.035 822.16 820.2425 801.3625 771.5375 776.5375 799.3925 795.29 791.5775 789.0425 768.9175 761.5675 748.2275 727.865 728.5625 725.8875 720.615 694.5525 661.895 657.1875 684.4575 682.1725 694.8275 676.255 666.405 658.13 645.7225 636.4375 620.3975 617.7275 603.29 607.9875 617.335 622.125 628.94 624.1125 610.6125 591.285 559.6975
1050.505 1045.145 1041.573 1041.065 1032.603 1018.972 1000.938 985.7525 980.165 964.795 950.085 939.7875 931.66 918.985 910.1525 907.975 896.59 882.1 882.3675 878.0125 873.4225 858.465 850.385 846.07 851.325 838.925 825.745 824.53 825.6275 808.8475 770.8825 748.6625 751.5975 752.01 747.145 738.135 729.9075 730.1575 738.635 758.415 739.7875 712.3575 697.6775 682.1425 653.4975 636.365 658.6925 671.36 674.38 681.32 672.655 665.98 663.325 652.5075 643.2175 628.4375 604.425 587.6075 586.4475 594.3025 598.71 605.31 595.45 580.3175
1040.698 1033.625 1036.667 1023.398 1022.455 1011.11 1003.795 990.735 972.52 959.21 954.71 939.3325 926.7975 919.8225 917.32 914.275 905.7175 899.8975 885.0125 869.98 863.36 860.605 852.97 837.62 834.7975 846.69 835.22 803.715 819.935 799.13 778.2675 772.8275 763.15 750.3375 749.8 742.755 734.95 714.6025 701.7225 722.1925 739.845 714.4825 688.075 671.17 681.405 648.575 624.1525 632.94 640.9475 659.22 667.945 658.0175 667.4325 664.475 657.93 639.19 619.9575 603.0925 590.405 572.5275 565.6325 574.57 591.9475 579.595
1032.323 1023.98 1015.85 1019.097 1015.057 1005.268 1001.237 991.675 984.2575 975.7325 966.6925 950.385 938.855 927.9225 920.575 907.74 894.1975 889.0325 892.97 878.92 877.8775 867.5575 865.6125 854.1425 841.445 831.48 826.5 819.3425 807.72 802.5375 807.865 796.94 785.8625 782.6875 775.685 774.445 757.0275 742.9925 719.6625 691.2125 720.58 725.8325 709.01 679.82 671.55 654.9975 658.275 631.875 618.08 616.6925 651.895 638.045 652.2425 637 639.045 625.3025 633.255 623.215 613.1575 600.76 584.4475 555.9625 564.9475 581.8025
1018.905 1011.747 1002.06 1000.742 1003.43 997.6775 992.505 985.0275 979.1025 967.74 954.375 935.865 927.59 912.5775 895.5125 885.41 877.1775 864.36 877.495 865.18 896.775 904.91 914.61 907.99 881.1575 883.3275 839.1875 823.355 811.5175 816.985 838.7775 818.5 792.2375 793.39 785.935 790.335 777.365 745.75 732.32 699.975 687.59 709.8525 716.2475 711.5275 682.69 654.915 646.895 642.7725 634.0325 601.625 623.06 622.0175 642.8525 640.0525 614.8575 607.3875 608.8525 622.6425 606.965 594.22 585.4325 577.6175 546.4375 556.4125
1008.003 995.6275 989.5525 982.8325 992.8925 989.965 987.8825 978.6025 968.73 961.6225 938.0125 918.4575 905.41 908.1425 898.3075 888.495 878.91 885.96 912.9625 861.485 873.2475 892.44 889.63 914.0375 911.705 908.7275 895.035 860.245 817.0275 809.5625 838.4325 819.2475 799.8175 785.74 762.335 758.2375 744.9575 747.72 741.4975 715.7475 687.9625 677.9775 691.765 701.3775 700.945 676.78 661.3725 638.665 626.6075 610.67 594.0025 612.5175 619.9725 633.45 620.31 613.2775 598.4875 611.375 592.2325 579.94 570.5475 562.475 563.6075 538.115
1006.34 987.5725 968.045 971.1575 978.46 976.2975 976.995 970.0475 960.0175 955.3475 951.14 938.295 924.0725 920.405 923.1425 922.9525 920.7125 913.5975 915.275 880.4375 840.52 835.195 847.595 850.6525 876.085 883.345 859.81 876.8675 850.59 801.34 785.2325 773.605 770.02 777.88 775.705 761.675 731.5175 726.13 722.955 731.2875 695.6 679.5825 663.0225 683.1975 685.7325 695.855 666.395 653.59 641.1225 635.4725 611.8575 585.3025 602.8775 627.94 631.56 612.78 591.225 606.13 609.3275 592.12 575.095 563.5175 545.175 525.705
994.365 973.74 958.735 951.1275 959.23 964.205 960.315 960.5825 960.6 955.805 945.755 936.605 928.375 920.8925 923.19 911.74 904.8075 906.675 906.4275 885.3525 856.65 842.095 829.79 818.65 818.5625 835.36 828.015 828.3375 842.0925 825.54 809.78 791.74 766.715 752.9175 748.0525 750.2375 746.8975 722.02 717.52 703.1275 715.5525 703.43 681.5225 653.21 677.645 685.6675 679.235 661.48 639.955 626.27 622.5 603.2 584.8175 612.0675 612.79 611.8725 589.085 590.7525 596.5375 584.825 586.9 571.5675 563.505 556.3125
991.715 974.7125 956.23 934.9825 950.465 962.5625 958.8575 941.9175 948.4425 946.42 941.7875 929.3875 918.9275 914.5925 914.34 909.3975 902.865 902.81 896.26 904.1625 908.35 891.025 851.97 836.52 841.2425 805.465 809.6575 805.9425 801.015 828.515 804.63 803.565 798.0925 777.4725 756.5075 734.9975 728.6775 736.0075 738.775 718.2875 698.8525 709.73 694.7475 668.91 647.505 674.65 669.7425 665.345 662.92 650.305 633.7925 615.0975 585.1925 573.8025 589.73 592.115 585.19 567.51 579.8925 570.86 570.22 552.665 535.6575 520.4775
982.5625 964.6725 940.9025 926.77 941.0725 941.4175 940.4975 932.57 919.2975 927.6225 928.69 920.88 915.725 909.115 903.255 900.8225 903.72 897.4975 896.425 904.4175 918.17 917.0925 861.99 880.4675 829.68 806.2 793.73 786.04 775.2025 783.405 785.3525 775.735 792.935 787.905 773.4475 755.14 734.7825 709.375 719.695 719.36 703.8875 685.46 699.43 676.785 651.18 637.095 662.5575 657.7 642.3975 642.1425 628.93 622.6875 604.735 580.775 559.59 559.3525 549.735 541.9475 541.4175 533.335 526.1125 518.48 517.0425 521.5975
949.7975 934.03 916.145 898.9775 899.125 894.1375 888.3975 885.2425 887.2725 896.485 913.225 914.9575 902.545 907.4575 896.435 897.2425 892.255 901.5475 893.245 909.39 914.835 921.0775 900.575 883.4625 877.68 847.8875 833.0025 818.655 805.9775 767.9475 766.425 753.72 768.7075 764.88 780.58 772.28 757.205 725.515 704.9375 692.955 696.7125 680.39 687.12 686.0775 666.335 636.5075 632.7625 657.7 652.5275 627.5275 619.4975 612.9375 608.03 600.1525 583.9575 559.17 546.8625 563.5925 556.635 543.345 538.6625 539.9075 532.4675 522.2225
917.7025 914.605 904.7725 892.855 886.0825 879.565 873.9325 867.7725 862.0325 859.165 871.335 890.47 887.6975 899.555 889.4225 878.9975 883.405 887.4175 884.56 895.2625 909.7125 890.3725 895.6875 872.7525 882.98 864.455 850.1975 837.16 810.4125 794.2575 768.165 749.7775 733.3025 747.5625 754.29 756.435 748.84 734.7675 724.3925 699.0225 680.915 673.6375 666.5475 683.795 680.8675 657.2975 621.8575 626.795 645.81 636.39 624.095 607.995 597.1 592.1575 579.01 554.045 564.61 568.7175 561.14 556.535 547.185 534.505 528.6725 522.5825
921.7825 918.9775 922.9025 910.28 900.6525 890.5275 878.9575 869.9575 862.3275 856.9875 849.91 851.175 859.5575 866.91 872.7575 862.56 871.06 869.69 872.5175 873.75 891.565 880.815 881.8925 861.7925 859.4725 866.7125 877.1575 853.1375 827.57 805.0325 784.8625 771.075 746.9675 728.4 720.2025 731.0675 733.7975 720.3425 731.1975 719.09 698.97 677.0475 659.805 668.745 671.1475 666.3325 648.0325 621.2075 619.71 630.6725 618.4675 613.4075 596.175 587.9925 564.57 564.695 577.345 571.9325 564.825 553.445 541.245 536.925 531.22 523.5075
952.7975 957.875 949.38 951.8675 939.84 933.46 923.4575 910.88 898.9775 892.02 879.3775 860.765 842.39 832.33 827.175 824.295 835.0125 848.4125 856.0075 848.8375 857.245 862.065 853.8275 858.5775 837.2875 843.55 844.8425 837.64 828.0275 816.315 788.875 775.4825 765.245 747.6125 734.845 710.5025 702.39 707.51 711.3525 713.485 694.325 689.1775 662.3675 646.54 646.09 648.7275 642.8375 635.5225 616.43 603.5175 595.5875 591.7125 588.0575 576.77 574.4325 583.6125 580.25 571.36 561.505 549.875 545.715 539.9275 532 526.6875
972.0025 968.27 963.7425 958.105 954.0275 947.0225 943.7425 932.085 931.0675 924.02 920.2275 906.8925 910.8175 871.035 837.6525 821.0875 813.915 815.87 828.2675 826.2825 824.69 820.6075 820.7075 823.405 817.8325 823.0725 824.125 817.135 808.9125 803.705 784.5375 768.46 769.5375 768.9925 750.0125 733.96 708.6025 691.8325 681.47 681.9775 689.6525 672.9975 666.975 662.115 642.3875 631.0425 620.9325 617.7925 616.91 608.1275 598.9925 601.14 600.7275 593.8275 587.9725 582.6825 575.6375 568.1825 559.8825 554.44 546.8075 539.7125 537.0575 543.2825
981.8275 972.9975 969.4675 967.135 960.0075 953.1925 943.315 938.1725 932.7175 932.3125 930.775 926.3275 918.295 899.68 888.315 861.42 836.2025 812.3425 802.525 801.76 802.9175 805.2825 799.815 796.7025 792.6575 793.6775 799.7475 799.0975 796.84 805.615 793.575 772.42 751 746.895 738.505 735.6225 728.5225 718.98 706.835 684.42 666.1125 667.0275 657.61 644.1925 642.235 632.59 632.2475 633.51 629.27 621.3375 623.0625 623.5875 600.0675 587.6625 581.605 578.755 573.635 567.8325 562.845 555.75 549.1275 547.5975 559.99 560.96
974.5 969.4125 966.63 964.6825 959.695 952.1225 942.0375 937.2075 936.11 931.225 922.3275 914.675 931.58 924.945 907.9025 891.4175 874.6125 856.61 823.7775 798.545 789.44 784.8925 781.41 779.6675 778.12 775.7375 770.93 769.27 777.815 784.2975 789.97 786.445 774.7725 766.3425 750.1575 742.19 728.125 714.2 712.6175 704.5575 687.17 676.16 668.6825 665.3425 659.8825 651.7175 648.5275 645.4625 645.5975 639.6975 633.905 614.7175 595.03 589.5175 584.8875 581.225 575.8225 572.285 564.0325 557.5125 559.2625 567.5675 562.9125 557.8375
961.2 950.6875 956.9275 960.6575 961.305 953.2925 931.395 922.94 922.0775 926.4475 915.8725 908.74 912.7625 906.795 901.5175 913.5075 893.065 881.2 869.72 841.65 816.8625 793.805 777.0375 769.6625 765.0175 761.64 759.8125 756.4825 752.7075 750.4575 755.5625 767.6925 773.7025 763.245 752.995 755.4675 748.535 727.05 702.6425 711.75 705.175 694.3375 691.59 683.4725 679.2325 674.0775 668.0425 663.2475 653.285 633.78 616.315 603.7975 599.4325 594.195 589.0725 583.7825 577.1325 571.0325 565.97 568.385 573.67 569.57 562.63 555.99
972.33 950.065 938.1325 946.62 952.275 949.555 928.1025 909.19 899.6275 908.685 903.8025 906.1675 887.3025 888.12 873.1 893.8475 900.95 894.0875 886.565 872.685 862.3475 842.7525 810.8475 780 766.605 757.775 754.795 749.3425 744.6525 740.7375 736.175 731.9125 734.77 752.1725 752.7875 736.7475 742.86 733.07 707.95 689.7975 686.3475 682.5575 681.015 676.6425 673.185 672.9625 664.7275 663.285 642.2325 622.515 612.0625 607.635 601.94 595.8025 589.6625 583.225 578.235 574.5425 577.1925 579.815 573.81 564.87 556.3225 551.7625
986.8175 955.835 944.475 927.015 934.3375 933.9375 933.96 922.005 906.2725 882.6975 880.195 891.12 880.8125 867.285 862.42 857.8675 876.145 874.3675 876.35 876.01 861.2825 859.1975 848.075 823.585 802.35 773.775 758.285 747.1375 740.705 734.135 729.6375 725.2825 720.455 715.465 721.6775 729.9775 721.9675 726.755 722.4825 710.4175 693.095 678.73 665.4075 661.255 657.575 650.0875 643.98 634.7325 625.8925 619.605 613.795 607.1 601.0375 595.63 590.685 588.0375 585.89 589.6675 587.4575 578.4875 568.8 560.3725 553.1575 549.6575
987.38 973.525 967.63 950.96 916.29 922.04 926.5575 928.47 924.45 893.3 877.555 862.11 872.7875 852.3025 841.075 843.44 848.49 860.5625 849.215 861.2025 850.8875 840.6325 850.2275 844.4325 836.855 813.1925 808.5325 793.5075 760.325 737.5075 727.1525 721.82 716.425 710.7625 705.5075 702.3275 698.115 697.2275 698.4725 697.8975 701.075 695.6675 684.22 665.1075 650.225 643.635 636.77 630.6875 624.8775 619.135 613.2275 608.2675 604.7025 609.52 608.71 604.87 601.1875 593.55 585.2775 574.6125 565.4 557.015 554.1625 545.03
992.755 972.2975 971.2175 974.72 944.1575 900.6425 913.9425 932.3275 930.1675 902.9775 881.32 862.155 837.8725 844.8675 821.4325 822.645 832.555 837.385 835.6425 837.8875 839.4375 834.255 824.0175 821.8775 817.7175 806.8525 799.125 792.7475 791.4175 778.31 744.8375 734.6725 725.1 714.01 706.54 699.93 693.6575 688.0175 682.605 676.5025 671.4875 665.98 660.4175 654.135 648.0775 641.7725 636.06 631.095 625.9675 620.9925 618.6675 621.8925 625.91 621.18 611.8325 605.55 598.5425 588.975 579.78 570.2775 563.6375 555.505 550.3625 546.625
982.0475 963.495 973.3825 957.5625 958.9225 912.605 896.1825 921.46 925.105 915.2625 878.7425 854.9125 835.1775 818.205 807.14 797.615 807.545 820.64 820.2975 811.785 819.795 809.995 794.7925 805.3875 811.5925 806.7975 811.925 804.83 783.4225 769.9525 758.13 764.95 749.7575 735.125 723.1325 712.09 703.995 698.4675 690.22 681.25 675.0275 668.565 662.4225 656.0975 651.015 646.2625 641.0375 637.2925 634.5475 632.7425 632.17 627.7625 622.8175 619.365 609.4875 602.8825 591.6975 583.2025 574.51 570.0425 559.6 556.2475 553.2225 546.5875
955.5425 972.3325 942.0925 950.6725 940.1575 919.63 883.5625 900.385 908.7575 904.9725 897.0975 879.7275 854.3575 850.45 834.74 811.8 783.4975 797.545 799.8275 796.3275 803.8225 791.785 788.7125 778.285 782.7325 782.325 787.345 794.855 790.04 780.6125 772.555 763.9025 758.0725 752.425 735.4975 718.11 708.8325 700.8075 695.725 688.67 681.42 675.2225 671.465 666.365 662.4325 657.735 651.73 646.3275 640 632.545 626.465 623.4975 620.4825 609.64 602.7525 595.2925 588.71 583.905 578.41 570.9475 563.615 556.8375 549.7425 544.53
